(kicad_pcb (version 20171130) (host pcbnew 5.1.9+dfsg1-1~bpo10+1)

  (general
    (thickness 1.6)
    (drawings 19)
    (tracks 292)
    (zones 0)
    (modules 13)
    (nets 15)
  )

  (page A4)
  (layers
    (0 F.Cu signal)
    (31 B.Cu signal)
    (32 B.Adhes user)
    (33 F.Adhes user)
    (34 B.Paste user)
    (35 F.Paste user)
    (36 B.SilkS user)
    (37 F.SilkS user)
    (38 B.Mask user)
    (39 F.Mask user)
    (40 Dwgs.User user)
    (41 Cmts.User user)
    (42 Eco1.User user)
    (43 Eco2.User user)
    (44 Edge.Cuts user)
    (45 Margin user)
    (46 B.CrtYd user)
    (47 F.CrtYd user)
    (48 B.Fab user)
    (49 F.Fab user)
  )

  (setup
    (last_trace_width 0.5)
    (trace_clearance 0.2)
    (zone_clearance 0.508)
    (zone_45_only no)
    (trace_min 0.2)
    (via_size 0.8)
    (via_drill 0.4)
    (via_min_size 0.4)
    (via_min_drill 0.3)
    (uvia_size 0.3)
    (uvia_drill 0.1)
    (uvias_allowed no)
    (uvia_min_size 0.2)
    (uvia_min_drill 0.1)
    (edge_width 0.1)
    (segment_width 0.2)
    (pcb_text_width 0.3)
    (pcb_text_size 1.5 1.5)
    (mod_edge_width 0.15)
    (mod_text_size 1 1)
    (mod_text_width 0.15)
    (pad_size 1.524 1.524)
    (pad_drill 0.762)
    (pad_to_mask_clearance 0)
    (aux_axis_origin 0 0)
    (visible_elements FFFFFF7F)
    (pcbplotparams
      (layerselection 0x010fc_ffffffff)
      (usegerberextensions false)
      (usegerberattributes true)
      (usegerberadvancedattributes true)
      (creategerberjobfile true)
      (excludeedgelayer true)
      (linewidth 0.100000)
      (plotframeref false)
      (viasonmask false)
      (mode 1)
      (useauxorigin false)
      (hpglpennumber 1)
      (hpglpenspeed 20)
      (hpglpendiameter 15.000000)
      (psnegative false)
      (psa4output false)
      (plotreference true)
      (plotvalue true)
      (plotinvisibletext false)
      (padsonsilk false)
      (subtractmaskfromsilk false)
      (outputformat 1)
      (mirror false)
      (drillshape 0)
      (scaleselection 1)
      (outputdirectory "MiniOSC-rev1.2 - Control/"))
  )

  (net 0 "")
  (net 1 GND1)
  (net 2 "Net-(D3-Pad2)")
  (net 3 /FrontPanel/FP_FM_AMT_P2)
  (net 4 /FrontPanel/FP_FM_AMT_P3)
  (net 5 FP_12V_NEG)
  (net 6 /FrontPanel/FP_12V_POS)
  (net 7 /FrontPanel/FP_FM_IN)
  (net 8 /FrontPanel/FP_V_OCT_IN)
  (net 9 /FrontPanel/FP_SCALE)
  (net 10 /FrontPanel/FP_FINE)
  (net 11 /FrontPanel/FP_COARSE)
  (net 12 /FrontPanel/FP_PULSE_WIDTH)
  (net 13 /FrontPanel/FP_SAW_OUT)
  (net 14 /FrontPanel/FP_PULSE_OUT)

  (net_class Default "This is the default net class."
    (clearance 0.2)
    (trace_width 0.5)
    (via_dia 0.8)
    (via_drill 0.4)
    (uvia_dia 0.3)
    (uvia_drill 0.1)
    (add_net /FrontPanel/FP_12V_POS)
    (add_net /FrontPanel/FP_COARSE)
    (add_net /FrontPanel/FP_FINE)
    (add_net /FrontPanel/FP_FM_AMT_P2)
    (add_net /FrontPanel/FP_FM_AMT_P3)
    (add_net /FrontPanel/FP_FM_IN)
    (add_net /FrontPanel/FP_PULSE_OUT)
    (add_net /FrontPanel/FP_PULSE_WIDTH)
    (add_net /FrontPanel/FP_SAW_OUT)
    (add_net /FrontPanel/FP_SCALE)
    (add_net /FrontPanel/FP_V_OCT_IN)
    (add_net FP_12V_NEG)
    (add_net GND1)
    (add_net "Net-(D3-Pad2)")
  )

  (module benjiaomodular:Potentiometer_RV09 locked (layer F.Cu) (tedit 61B03861) (tstamp 6184649F)
    (at 93.5 102 270)
    (path /61B188F6/61ECFC21)
    (fp_text reference FM_AMOUNT1 (at 6.71 -4.64 270) (layer F.SilkS)
      (effects (font (size 1 1) (thickness 0.15)))
    )
    (fp_text value 1M (at 0 9.86 270) (layer F.Fab)
      (effects (font (size 1 1) (thickness 0.15)))
    )
    (fp_circle (center 7.5 2.5) (end 7.5 -1) (layer F.Fab) (width 0.1))
    (fp_line (start 1 -2.25) (end 12.35 -2.25) (layer F.Fab) (width 0.1))
    (fp_line (start 1 7.25) (end 1 -2.25) (layer F.Fab) (width 0.1))
    (fp_line (start 0.88 7.37) (end 5.6 7.37) (layer F.SilkS) (width 0.12))
    (fp_line (start 0.88 7.37) (end 0.88 5.88) (layer F.SilkS) (width 0.12))
    (fp_line (start 12.6 -3.91) (end -1.15 -3.91) (layer F.CrtYd) (width 0.05))
    (fp_line (start 0.88 4.16) (end 0.88 3.33) (layer F.SilkS) (width 0.12))
    (fp_line (start -1.15 8.91) (end 12.6 8.91) (layer F.CrtYd) (width 0.05))
    (fp_line (start 0.88 -1.19) (end 0.88 -2.37) (layer F.SilkS) (width 0.12))
    (fp_line (start 12.47 7.37) (end 12.47 -2.37) (layer F.SilkS) (width 0.12))
    (fp_line (start 9.41 7.37) (end 12.47 7.37) (layer F.SilkS) (width 0.12))
    (fp_line (start 0.88 -2.38) (end 5.6 -2.38) (layer F.SilkS) (width 0.12))
    (fp_line (start 9.41 -2.37) (end 12.47 -2.37) (layer F.SilkS) (width 0.12))
    (fp_line (start -1.15 -3.91) (end -1.15 8.91) (layer F.CrtYd) (width 0.05))
    (fp_line (start 12.35 7.25) (end 12.35 -2.25) (layer F.Fab) (width 0.1))
    (fp_line (start 12.6 8.91) (end 12.6 -3.91) (layer F.CrtYd) (width 0.05))
    (fp_line (start 1 7.25) (end 12.35 7.25) (layer F.Fab) (width 0.1))
    (fp_line (start 0.88 1.71) (end 0.88 1.18) (layer F.SilkS) (width 0.12))
    (fp_text user REF** (at 6.71 -4.64 270) (layer F.SilkS)
      (effects (font (size 1 1) (thickness 0.15)))
    )
    (fp_text user %R (at 7.62 2.54 90) (layer F.Fab)
      (effects (font (size 1 1) (thickness 0.15)))
    )
    (pad "" thru_hole oval (at 7.5 -2.3) (size 2.72 3.24) (drill oval 1.1 2.3) (layers *.Cu *.Mask))
    (pad "" thru_hole oval (at 7.5 7.3) (size 2.72 3.24) (drill oval 1.1 2.3) (layers *.Cu *.Mask))
    (pad 2 thru_hole circle (at 0 2.5) (size 1.8 1.8) (drill 1) (layers *.Cu *.Mask)
      (net 3 /FrontPanel/FP_FM_AMT_P2))
    (pad 3 thru_hole circle (at 0 5) (size 1.8 1.8) (drill 1) (layers *.Cu *.Mask)
      (net 4 /FrontPanel/FP_FM_AMT_P3))
    (pad 1 thru_hole rect (at 0 0) (size 1.8 1.8) (drill 1) (layers *.Cu *.Mask)
      (net 3 /FrontPanel/FP_FM_AMT_P2))
  )

  (module benjiaomodular:Potentiometer_RV09 locked (layer F.Cu) (tedit 61B03861) (tstamp 61846526)
    (at 88.5 139.5 90)
    (path /61B188F6/61F62CB0)
    (fp_text reference PULSE_WIDTH1 (at 6.71 -4.64 270) (layer F.SilkS)
      (effects (font (size 1 1) (thickness 0.15)))
    )
    (fp_text value 100K (at 0 9.86 270) (layer F.Fab)
      (effects (font (size 1 1) (thickness 0.15)))
    )
    (fp_circle (center 7.5 2.5) (end 7.5 -1) (layer F.Fab) (width 0.1))
    (fp_line (start 1 -2.25) (end 12.35 -2.25) (layer F.Fab) (width 0.1))
    (fp_line (start 1 7.25) (end 1 -2.25) (layer F.Fab) (width 0.1))
    (fp_line (start 0.88 7.37) (end 5.6 7.37) (layer F.SilkS) (width 0.12))
    (fp_line (start 0.88 7.37) (end 0.88 5.88) (layer F.SilkS) (width 0.12))
    (fp_line (start 12.6 -3.91) (end -1.15 -3.91) (layer F.CrtYd) (width 0.05))
    (fp_line (start 0.88 4.16) (end 0.88 3.33) (layer F.SilkS) (width 0.12))
    (fp_line (start -1.15 8.91) (end 12.6 8.91) (layer F.CrtYd) (width 0.05))
    (fp_line (start 0.88 -1.19) (end 0.88 -2.37) (layer F.SilkS) (width 0.12))
    (fp_line (start 12.47 7.37) (end 12.47 -2.37) (layer F.SilkS) (width 0.12))
    (fp_line (start 9.41 7.37) (end 12.47 7.37) (layer F.SilkS) (width 0.12))
    (fp_line (start 0.88 -2.38) (end 5.6 -2.38) (layer F.SilkS) (width 0.12))
    (fp_line (start 9.41 -2.37) (end 12.47 -2.37) (layer F.SilkS) (width 0.12))
    (fp_line (start -1.15 -3.91) (end -1.15 8.91) (layer F.CrtYd) (width 0.05))
    (fp_line (start 12.35 7.25) (end 12.35 -2.25) (layer F.Fab) (width 0.1))
    (fp_line (start 12.6 8.91) (end 12.6 -3.91) (layer F.CrtYd) (width 0.05))
    (fp_line (start 1 7.25) (end 12.35 7.25) (layer F.Fab) (width 0.1))
    (fp_line (start 0.88 1.71) (end 0.88 1.18) (layer F.SilkS) (width 0.12))
    (fp_text user REF** (at 6.71 -4.64 270) (layer F.SilkS)
      (effects (font (size 1 1) (thickness 0.15)))
    )
    (fp_text user %R (at 7.62 2.54 90) (layer F.Fab)
      (effects (font (size 1 1) (thickness 0.15)))
    )
    (pad "" thru_hole oval (at 7.5 -2.3 180) (size 2.72 3.24) (drill oval 1.1 2.3) (layers *.Cu *.Mask))
    (pad "" thru_hole oval (at 7.5 7.3 180) (size 2.72 3.24) (drill oval 1.1 2.3) (layers *.Cu *.Mask))
    (pad 2 thru_hole circle (at 0 2.5 180) (size 1.8 1.8) (drill 1) (layers *.Cu *.Mask)
      (net 1 GND1))
    (pad 3 thru_hole circle (at 0 5 180) (size 1.8 1.8) (drill 1) (layers *.Cu *.Mask)
      (net 1 GND1))
    (pad 1 thru_hole rect (at 0 0 180) (size 1.8 1.8) (drill 1) (layers *.Cu *.Mask)
      (net 12 /FrontPanel/FP_PULSE_WIDTH))
  )

  (module benjiaomodular:Potentiometer_RV09 locked (layer F.Cu) (tedit 61B03861) (tstamp 618458E7)
    (at 80.9 73.5 90)
    (path /61B188F6/61D3A2D8)
    (fp_text reference TUNING_COARSE1 (at 6.5 10 270) (layer F.SilkS)
      (effects (font (size 1 1) (thickness 0.15)))
    )
    (fp_text value 100K (at 0 9.86 270) (layer F.Fab)
      (effects (font (size 1 1) (thickness 0.15)))
    )
    (fp_circle (center 7.5 2.5) (end 7.5 -1) (layer F.Fab) (width 0.1))
    (fp_line (start 1 -2.25) (end 12.35 -2.25) (layer F.Fab) (width 0.1))
    (fp_line (start 1 7.25) (end 1 -2.25) (layer F.Fab) (width 0.1))
    (fp_line (start 0.88 7.37) (end 5.6 7.37) (layer F.SilkS) (width 0.12))
    (fp_line (start 0.88 7.37) (end 0.88 5.88) (layer F.SilkS) (width 0.12))
    (fp_line (start 12.6 -3.91) (end -1.15 -3.91) (layer F.CrtYd) (width 0.05))
    (fp_line (start 0.88 4.16) (end 0.88 3.33) (layer F.SilkS) (width 0.12))
    (fp_line (start -1.15 8.91) (end 12.6 8.91) (layer F.CrtYd) (width 0.05))
    (fp_line (start 0.88 -1.19) (end 0.88 -2.37) (layer F.SilkS) (width 0.12))
    (fp_line (start 12.47 7.37) (end 12.47 -2.37) (layer F.SilkS) (width 0.12))
    (fp_line (start 9.41 7.37) (end 12.47 7.37) (layer F.SilkS) (width 0.12))
    (fp_line (start 0.88 -2.38) (end 5.6 -2.38) (layer F.SilkS) (width 0.12))
    (fp_line (start 9.41 -2.37) (end 12.47 -2.37) (layer F.SilkS) (width 0.12))
    (fp_line (start -1.15 -3.91) (end -1.15 8.91) (layer F.CrtYd) (width 0.05))
    (fp_line (start 12.35 7.25) (end 12.35 -2.25) (layer F.Fab) (width 0.1))
    (fp_line (start 12.6 8.91) (end 12.6 -3.91) (layer F.CrtYd) (width 0.05))
    (fp_line (start 1 7.25) (end 12.35 7.25) (layer F.Fab) (width 0.1))
    (fp_line (start 0.88 1.71) (end 0.88 1.18) (layer F.SilkS) (width 0.12))
    (fp_text user REF** (at 6.71 -4.64 270) (layer F.SilkS)
      (effects (font (size 1 1) (thickness 0.15)))
    )
    (fp_text user %R (at 7.62 2.54 90) (layer F.Fab)
      (effects (font (size 1 1) (thickness 0.15)))
    )
    (pad "" thru_hole oval (at 7.5 -2.3 180) (size 2.72 3.24) (drill oval 1.1 2.3) (layers *.Cu *.Mask))
    (pad "" thru_hole oval (at 7.5 7.3 180) (size 2.72 3.24) (drill oval 1.1 2.3) (layers *.Cu *.Mask))
    (pad 2 thru_hole circle (at 0 2.5 180) (size 1.8 1.8) (drill 1) (layers *.Cu *.Mask)
      (net 11 /FrontPanel/FP_COARSE))
    (pad 3 thru_hole circle (at 0 5 180) (size 1.8 1.8) (drill 1) (layers *.Cu *.Mask)
      (net 1 GND1))
    (pad 1 thru_hole rect (at 0 0 180) (size 1.8 1.8) (drill 1) (layers *.Cu *.Mask)
      (net 5 FP_12V_NEG))
  )

  (module benjiaomodular:Potentiometer_RV09 locked (layer F.Cu) (tedit 61B03861) (tstamp 61845896)
    (at 88.5 95 90)
    (path /61B188F6/61D3A2D2)
    (fp_text reference TUNING_FINE1 (at 6.5 9.75 270) (layer F.SilkS)
      (effects (font (size 1 1) (thickness 0.15)))
    )
    (fp_text value 100K (at 0 9.86 270) (layer F.Fab)
      (effects (font (size 1 1) (thickness 0.15)))
    )
    (fp_circle (center 7.5 2.5) (end 7.5 -1) (layer F.Fab) (width 0.1))
    (fp_line (start 1 -2.25) (end 12.35 -2.25) (layer F.Fab) (width 0.1))
    (fp_line (start 1 7.25) (end 1 -2.25) (layer F.Fab) (width 0.1))
    (fp_line (start 0.88 7.37) (end 5.6 7.37) (layer F.SilkS) (width 0.12))
    (fp_line (start 0.88 7.37) (end 0.88 5.88) (layer F.SilkS) (width 0.12))
    (fp_line (start 12.6 -3.91) (end -1.15 -3.91) (layer F.CrtYd) (width 0.05))
    (fp_line (start 0.88 4.16) (end 0.88 3.33) (layer F.SilkS) (width 0.12))
    (fp_line (start -1.15 8.91) (end 12.6 8.91) (layer F.CrtYd) (width 0.05))
    (fp_line (start 0.88 -1.19) (end 0.88 -2.37) (layer F.SilkS) (width 0.12))
    (fp_line (start 12.47 7.37) (end 12.47 -2.37) (layer F.SilkS) (width 0.12))
    (fp_line (start 9.41 7.37) (end 12.47 7.37) (layer F.SilkS) (width 0.12))
    (fp_line (start 0.88 -2.38) (end 5.6 -2.38) (layer F.SilkS) (width 0.12))
    (fp_line (start 9.41 -2.37) (end 12.47 -2.37) (layer F.SilkS) (width 0.12))
    (fp_line (start -1.15 -3.91) (end -1.15 8.91) (layer F.CrtYd) (width 0.05))
    (fp_line (start 12.35 7.25) (end 12.35 -2.25) (layer F.Fab) (width 0.1))
    (fp_line (start 12.6 8.91) (end 12.6 -3.91) (layer F.CrtYd) (width 0.05))
    (fp_line (start 1 7.25) (end 12.35 7.25) (layer F.Fab) (width 0.1))
    (fp_line (start 0.88 1.71) (end 0.88 1.18) (layer F.SilkS) (width 0.12))
    (fp_text user REF** (at 6.71 -4.64 270) (layer F.SilkS)
      (effects (font (size 1 1) (thickness 0.15)))
    )
    (fp_text user %R (at 7.62 2.54 90) (layer F.Fab)
      (effects (font (size 1 1) (thickness 0.15)))
    )
    (pad "" thru_hole oval (at 7.5 -2.3 180) (size 2.72 3.24) (drill oval 1.1 2.3) (layers *.Cu *.Mask))
    (pad "" thru_hole oval (at 7.5 7.3 180) (size 2.72 3.24) (drill oval 1.1 2.3) (layers *.Cu *.Mask))
    (pad 2 thru_hole circle (at 0 2.5 180) (size 1.8 1.8) (drill 1) (layers *.Cu *.Mask)
      (net 10 /FrontPanel/FP_FINE))
    (pad 3 thru_hole circle (at 0 5 180) (size 1.8 1.8) (drill 1) (layers *.Cu *.Mask)
      (net 1 GND1))
    (pad 1 thru_hole rect (at 0 0 180) (size 1.8 1.8) (drill 1) (layers *.Cu *.Mask)
      (net 5 FP_12V_NEG))
  )

  (module MountingHole:MountingHole_3.2mm_M3 (layer F.Cu) (tedit 56D1B4CB) (tstamp 6187A98D)
    (at 94.8 122)
    (descr "Mounting Hole 3.2mm, no annular, M3")
    (tags "mounting hole 3.2mm no annular m3")
    (attr virtual)
    (fp_text reference REF** (at 0 -4.2) (layer F.SilkS) hide
      (effects (font (size 1 1) (thickness 0.15)))
    )
    (fp_text value MountingHole_3.2mm_M3 (at 0 4.2) (layer F.Fab)
      (effects (font (size 1 1) (thickness 0.15)))
    )
    (fp_circle (center 0 0) (end 3.2 0) (layer Cmts.User) (width 0.15))
    (fp_circle (center 0 0) (end 3.45 0) (layer F.CrtYd) (width 0.05))
    (fp_text user %R (at 0.3 0) (layer F.Fab)
      (effects (font (size 1 1) (thickness 0.15)))
    )
    (pad 1 np_thru_hole circle (at 0 0) (size 3.2 3.2) (drill 3.2) (layers *.Cu *.Mask))
  )

  (module Connector_PinSocket_2.54mm:PinSocket_1x16_P2.54mm_Vertical (layer B.Cu) (tedit 5A19A41E) (tstamp 61848DEC)
    (at 75 72.5 180)
    (descr "Through hole straight socket strip, 1x16, 2.54mm pitch, single row (from Kicad 4.0.7), script generated")
    (tags "Through hole socket strip THT 1x16 2.54mm single row")
    (path /61952193)
    (fp_text reference J2 (at 0 2.33) (layer B.SilkS)
      (effects (font (size 1 1) (thickness 0.15)) (justify mirror))
    )
    (fp_text value Conn_01x16_Male (at 0 -40.43) (layer B.Fab)
      (effects (font (size 1 1) (thickness 0.15)) (justify mirror))
    )
    (fp_line (start -1.27 1.27) (end 0.635 1.27) (layer B.Fab) (width 0.1))
    (fp_line (start 0.635 1.27) (end 1.27 0.635) (layer B.Fab) (width 0.1))
    (fp_line (start 1.27 0.635) (end 1.27 -39.37) (layer B.Fab) (width 0.1))
    (fp_line (start 1.27 -39.37) (end -1.27 -39.37) (layer B.Fab) (width 0.1))
    (fp_line (start -1.27 -39.37) (end -1.27 1.27) (layer B.Fab) (width 0.1))
    (fp_line (start -1.33 -1.27) (end 1.33 -1.27) (layer B.SilkS) (width 0.12))
    (fp_line (start -1.33 -1.27) (end -1.33 -39.43) (layer B.SilkS) (width 0.12))
    (fp_line (start -1.33 -39.43) (end 1.33 -39.43) (layer B.SilkS) (width 0.12))
    (fp_line (start 1.33 -1.27) (end 1.33 -39.43) (layer B.SilkS) (width 0.12))
    (fp_line (start 1.33 1.33) (end 1.33 0) (layer B.SilkS) (width 0.12))
    (fp_line (start 0 1.33) (end 1.33 1.33) (layer B.SilkS) (width 0.12))
    (fp_line (start -1.8 1.8) (end 1.75 1.8) (layer B.CrtYd) (width 0.05))
    (fp_line (start 1.75 1.8) (end 1.75 -39.9) (layer B.CrtYd) (width 0.05))
    (fp_line (start 1.75 -39.9) (end -1.8 -39.9) (layer B.CrtYd) (width 0.05))
    (fp_line (start -1.8 -39.9) (end -1.8 1.8) (layer B.CrtYd) (width 0.05))
    (fp_text user %R (at 0 -19.05 270) (layer B.Fab)
      (effects (font (size 1 1) (thickness 0.15)) (justify mirror))
    )
    (pad 16 thru_hole oval (at 0 -38.1 180) (size 1.7 1.7) (drill 1) (layers *.Cu *.Mask)
      (net 11 /FrontPanel/FP_COARSE))
    (pad 15 thru_hole oval (at 0 -35.56 180) (size 1.7 1.7) (drill 1) (layers *.Cu *.Mask)
      (net 10 /FrontPanel/FP_FINE))
    (pad 14 thru_hole oval (at 0 -33.02 180) (size 1.7 1.7) (drill 1) (layers *.Cu *.Mask)
      (net 9 /FrontPanel/FP_SCALE))
    (pad 13 thru_hole oval (at 0 -30.48 180) (size 1.7 1.7) (drill 1) (layers *.Cu *.Mask)
      (net 13 /FrontPanel/FP_SAW_OUT))
    (pad 12 thru_hole oval (at 0 -27.94 180) (size 1.7 1.7) (drill 1) (layers *.Cu *.Mask)
      (net 14 /FrontPanel/FP_PULSE_OUT))
    (pad 11 thru_hole oval (at 0 -25.4 180) (size 1.7 1.7) (drill 1) (layers *.Cu *.Mask))
    (pad 10 thru_hole oval (at 0 -22.86 180) (size 1.7 1.7) (drill 1) (layers *.Cu *.Mask)
      (net 12 /FrontPanel/FP_PULSE_WIDTH))
    (pad 9 thru_hole oval (at 0 -20.32 180) (size 1.7 1.7) (drill 1) (layers *.Cu *.Mask)
      (net 4 /FrontPanel/FP_FM_AMT_P3))
    (pad 8 thru_hole oval (at 0 -17.78 180) (size 1.7 1.7) (drill 1) (layers *.Cu *.Mask)
      (net 3 /FrontPanel/FP_FM_AMT_P2))
    (pad 7 thru_hole oval (at 0 -15.24 180) (size 1.7 1.7) (drill 1) (layers *.Cu *.Mask))
    (pad 6 thru_hole oval (at 0 -12.7 180) (size 1.7 1.7) (drill 1) (layers *.Cu *.Mask)
      (net 8 /FrontPanel/FP_V_OCT_IN))
    (pad 5 thru_hole oval (at 0 -10.16 180) (size 1.7 1.7) (drill 1) (layers *.Cu *.Mask)
      (net 7 /FrontPanel/FP_FM_IN))
    (pad 4 thru_hole oval (at 0 -7.62 180) (size 1.7 1.7) (drill 1) (layers *.Cu *.Mask))
    (pad 3 thru_hole oval (at 0 -5.08 180) (size 1.7 1.7) (drill 1) (layers *.Cu *.Mask)
      (net 6 /FrontPanel/FP_12V_POS))
    (pad 2 thru_hole oval (at 0 -2.54 180) (size 1.7 1.7) (drill 1) (layers *.Cu *.Mask)
      (net 1 GND1))
    (pad 1 thru_hole rect (at 0 0 180) (size 1.7 1.7) (drill 1) (layers *.Cu *.Mask)
      (net 5 FP_12V_NEG))
    (model ${KISYS3DMOD}/Connector_PinSocket_2.54mm.3dshapes/PinSocket_1x16_P2.54mm_Vertical.wrl
      (at (xyz 0 0 0))
      (scale (xyz 1 1 1))
      (rotate (xyz 0 0 0))
    )
  )

  (module Potentiometer_THT:Potentiometer_Bourns_3266Y_Vertical locked (layer F.Cu) (tedit 5A3D4994) (tstamp 61845A25)
    (at 77 158.25 270)
    (descr "Potentiometer, vertical, Bourns 3266Y, https://www.bourns.com/docs/Product-Datasheets/3266.pdf")
    (tags "Potentiometer vertical Bourns 3266Y")
    (path /61B188F6/6201ECE6)
    (fp_text reference SCALE1 (at -2.54 -3.41 90) (layer F.SilkS)
      (effects (font (size 1 1) (thickness 0.15)))
    )
    (fp_text value 1K (at -2.54 3.59 90) (layer F.Fab)
      (effects (font (size 1 1) (thickness 0.15)))
    )
    (fp_line (start 1.1 -2.45) (end -6.15 -2.45) (layer F.CrtYd) (width 0.05))
    (fp_line (start 1.1 2.6) (end 1.1 -2.45) (layer F.CrtYd) (width 0.05))
    (fp_line (start -6.15 2.6) (end 1.1 2.6) (layer F.CrtYd) (width 0.05))
    (fp_line (start -6.15 -2.45) (end -6.15 2.6) (layer F.CrtYd) (width 0.05))
    (fp_line (start 0.935 0.496) (end 0.935 2.46) (layer F.SilkS) (width 0.12))
    (fp_line (start 0.935 -2.28) (end 0.935 -0.494) (layer F.SilkS) (width 0.12))
    (fp_line (start -6.015 0.496) (end -6.015 2.46) (layer F.SilkS) (width 0.12))
    (fp_line (start -6.015 -2.28) (end -6.015 -0.494) (layer F.SilkS) (width 0.12))
    (fp_line (start -6.015 2.46) (end 0.935 2.46) (layer F.SilkS) (width 0.12))
    (fp_line (start -6.015 -2.28) (end 0.935 -2.28) (layer F.SilkS) (width 0.12))
    (fp_line (start -0.405 1.952) (end -0.404 0.189) (layer F.Fab) (width 0.1))
    (fp_line (start -0.405 1.952) (end -0.404 0.189) (layer F.Fab) (width 0.1))
    (fp_line (start 0.815 -2.16) (end -5.895 -2.16) (layer F.Fab) (width 0.1))
    (fp_line (start 0.815 2.34) (end 0.815 -2.16) (layer F.Fab) (width 0.1))
    (fp_line (start -5.895 2.34) (end 0.815 2.34) (layer F.Fab) (width 0.1))
    (fp_line (start -5.895 -2.16) (end -5.895 2.34) (layer F.Fab) (width 0.1))
    (fp_circle (center -0.405 1.07) (end 0.485 1.07) (layer F.Fab) (width 0.1))
    (fp_text user %R (at -3.15 0.09 90) (layer F.Fab)
      (effects (font (size 0.92 0.92) (thickness 0.15)))
    )
    (pad 3 thru_hole circle (at -5.08 0 270) (size 1.44 1.44) (drill 0.8) (layers *.Cu *.Mask))
    (pad 2 thru_hole circle (at -2.54 0 270) (size 1.44 1.44) (drill 0.8) (layers *.Cu *.Mask)
      (net 1 GND1))
    (pad 1 thru_hole circle (at 0 0 270) (size 1.44 1.44) (drill 0.8) (layers *.Cu *.Mask)
      (net 9 /FrontPanel/FP_SCALE))
    (model ${KISYS3DMOD}/Potentiometer_THT.3dshapes/Potentiometer_Bourns_3266Y_Vertical.wrl
      (at (xyz 0 0 0))
      (scale (xyz 1 1 1))
      (rotate (xyz 0 0 0))
    )
  )

  (module LED_THT:LED_D3.0mm locked (layer F.Cu) (tedit 587A3A7B) (tstamp 6184A29E)
    (at 96.25 71)
    (descr "LED, diameter 3.0mm, 2 pins")
    (tags "LED diameter 3.0mm 2 pins")
    (path /61B188F6/62223C34)
    (fp_text reference D3 (at 1.27 -2.96) (layer F.SilkS)
      (effects (font (size 1 1) (thickness 0.15)))
    )
    (fp_text value LED (at 1.27 2.96) (layer F.Fab)
      (effects (font (size 1 1) (thickness 0.15)))
    )
    (fp_circle (center 1.27 0) (end 2.77 0) (layer F.Fab) (width 0.1))
    (fp_line (start -0.23 -1.16619) (end -0.23 1.16619) (layer F.Fab) (width 0.1))
    (fp_line (start -0.29 -1.236) (end -0.29 -1.08) (layer F.SilkS) (width 0.12))
    (fp_line (start -0.29 1.08) (end -0.29 1.236) (layer F.SilkS) (width 0.12))
    (fp_line (start -1.15 -2.25) (end -1.15 2.25) (layer F.CrtYd) (width 0.05))
    (fp_line (start -1.15 2.25) (end 3.7 2.25) (layer F.CrtYd) (width 0.05))
    (fp_line (start 3.7 2.25) (end 3.7 -2.25) (layer F.CrtYd) (width 0.05))
    (fp_line (start 3.7 -2.25) (end -1.15 -2.25) (layer F.CrtYd) (width 0.05))
    (fp_arc (start 1.27 0) (end -0.23 -1.16619) (angle 284.3) (layer F.Fab) (width 0.1))
    (fp_arc (start 1.27 0) (end -0.29 -1.235516) (angle 108.8) (layer F.SilkS) (width 0.12))
    (fp_arc (start 1.27 0) (end -0.29 1.235516) (angle -108.8) (layer F.SilkS) (width 0.12))
    (fp_arc (start 1.27 0) (end 0.229039 -1.08) (angle 87.9) (layer F.SilkS) (width 0.12))
    (fp_arc (start 1.27 0) (end 0.229039 1.08) (angle -87.9) (layer F.SilkS) (width 0.12))
    (pad 1 thru_hole rect (at 0 0) (size 1.8 1.8) (drill 0.9) (layers *.Cu *.Mask)
      (net 1 GND1))
    (pad 2 thru_hole circle (at 2.54 0) (size 1.8 1.8) (drill 0.9) (layers *.Cu *.Mask)
      (net 2 "Net-(D3-Pad2)"))
    (model ${KISYS3DMOD}/LED_THT.3dshapes/LED_D3.0mm.wrl
      (at (xyz 0 0 0))
      (scale (xyz 1 1 1))
      (rotate (xyz 0 0 0))
    )
  )

  (module Connector_Audio:Jack_3.5mm_QingPu_WQP-PJ398SM_Vertical_CircularHoles locked (layer F.Cu) (tedit 5C2B6BB2) (tstamp 61846244)
    (at 78 134)
    (descr "TRS 3.5mm, vertical, Thonkiconn, PCB mount, (http://www.qingpu-electronics.com/en/products/WQP-PJ398SM-362.html)")
    (tags "WQP-PJ398SM WQP-PJ301M-12 TRS 3.5mm mono vertical jack thonkiconn qingpu")
    (path /61B188F6/61E1D45D)
    (fp_text reference J3 (at -4.03 1.08 180) (layer F.SilkS)
      (effects (font (size 1 1) (thickness 0.15)))
    )
    (fp_text value V_OCT_IN (at 0 5 180) (layer F.Fab)
      (effects (font (size 1 1) (thickness 0.15)))
    )
    (fp_line (start -5 12.98) (end -5 -1.42) (layer F.CrtYd) (width 0.05))
    (fp_line (start -4.5 12.48) (end -4.5 2.08) (layer F.Fab) (width 0.1))
    (fp_line (start -4.5 1.98) (end -4.5 12.48) (layer F.SilkS) (width 0.12))
    (fp_line (start 4.5 1.98) (end 4.5 12.48) (layer F.SilkS) (width 0.12))
    (fp_circle (center 0 6.48) (end 1.5 6.48) (layer Dwgs.User) (width 0.12))
    (fp_line (start 0.09 7.96) (end 1.48 6.57) (layer Dwgs.User) (width 0.12))
    (fp_line (start -0.58 7.83) (end 1.36 5.89) (layer Dwgs.User) (width 0.12))
    (fp_line (start -1.07 7.49) (end 1.01 5.41) (layer Dwgs.User) (width 0.12))
    (fp_line (start -1.42 6.875) (end 0.4 5.06) (layer Dwgs.User) (width 0.12))
    (fp_line (start -1.41 6.02) (end -0.46 5.07) (layer Dwgs.User) (width 0.12))
    (fp_line (start 4.5 12.48) (end 0.5 12.48) (layer F.SilkS) (width 0.12))
    (fp_line (start -0.5 12.48) (end -4.5 12.48) (layer F.SilkS) (width 0.12))
    (fp_line (start 4.5 1.98) (end 0.35 1.98) (layer F.SilkS) (width 0.12))
    (fp_line (start -0.35 1.98) (end -4.5 1.98) (layer F.SilkS) (width 0.12))
    (fp_circle (center 0 6.48) (end 1.8 6.48) (layer F.SilkS) (width 0.12))
    (fp_line (start -1.06 -1) (end -1.06 -0.2) (layer F.SilkS) (width 0.12))
    (fp_line (start -1.06 -1) (end -0.2 -1) (layer F.SilkS) (width 0.12))
    (fp_line (start 4.5 12.48) (end 4.5 2.08) (layer F.Fab) (width 0.1))
    (fp_line (start 4.5 12.48) (end -4.5 12.48) (layer F.Fab) (width 0.1))
    (fp_line (start 5 12.98) (end 5 -1.42) (layer F.CrtYd) (width 0.05))
    (fp_line (start 5 12.98) (end -5 12.98) (layer F.CrtYd) (width 0.05))
    (fp_line (start 5 -1.42) (end -5 -1.42) (layer F.CrtYd) (width 0.05))
    (fp_line (start 4.5 2.03) (end -4.5 2.03) (layer F.Fab) (width 0.1))
    (fp_circle (center 0 6.48) (end 1.8 6.48) (layer F.Fab) (width 0.1))
    (fp_line (start 0 0) (end 0 2.03) (layer F.Fab) (width 0.1))
    (fp_text user KEEPOUT (at 0 6.48) (layer Cmts.User)
      (effects (font (size 0.4 0.4) (thickness 0.051)))
    )
    (fp_text user %R (at 0 8 180) (layer F.Fab)
      (effects (font (size 1 1) (thickness 0.15)))
    )
    (pad TN thru_hole circle (at 0 3.1 180) (size 2.13 2.13) (drill 1.42) (layers *.Cu *.Mask))
    (pad S thru_hole rect (at 0 0 180) (size 1.93 1.83) (drill 1.22) (layers *.Cu *.Mask)
      (net 1 GND1))
    (pad T thru_hole circle (at 0 11.4 180) (size 2.13 2.13) (drill 1.43) (layers *.Cu *.Mask)
      (net 8 /FrontPanel/FP_V_OCT_IN))
    (model ${KISYS3DMOD}/Connector_Audio.3dshapes/Jack_3.5mm_QingPu_WQP-PJ398SM_Vertical.wrl
      (at (xyz 0 0 0))
      (scale (xyz 1 1 1))
      (rotate (xyz 0 0 0))
    )
  )

  (module Connector_Audio:Jack_3.5mm_QingPu_WQP-PJ398SM_Vertical_CircularHoles locked (layer F.Cu) (tedit 5C2B6BB2) (tstamp 618461E1)
    (at 78 114.5)
    (descr "TRS 3.5mm, vertical, Thonkiconn, PCB mount, (http://www.qingpu-electronics.com/en/products/WQP-PJ398SM-362.html)")
    (tags "WQP-PJ398SM WQP-PJ301M-12 TRS 3.5mm mono vertical jack thonkiconn qingpu")
    (path /61B188F6/61E1D463)
    (fp_text reference J4 (at -4.03 1.08 180) (layer F.SilkS)
      (effects (font (size 1 1) (thickness 0.15)))
    )
    (fp_text value FM_IN (at 0 5 180) (layer F.Fab)
      (effects (font (size 1 1) (thickness 0.15)))
    )
    (fp_line (start 0 0) (end 0 2.03) (layer F.Fab) (width 0.1))
    (fp_circle (center 0 6.48) (end 1.8 6.48) (layer F.Fab) (width 0.1))
    (fp_line (start 4.5 2.03) (end -4.5 2.03) (layer F.Fab) (width 0.1))
    (fp_line (start 5 -1.42) (end -5 -1.42) (layer F.CrtYd) (width 0.05))
    (fp_line (start 5 12.98) (end -5 12.98) (layer F.CrtYd) (width 0.05))
    (fp_line (start 5 12.98) (end 5 -1.42) (layer F.CrtYd) (width 0.05))
    (fp_line (start 4.5 12.48) (end -4.5 12.48) (layer F.Fab) (width 0.1))
    (fp_line (start 4.5 12.48) (end 4.5 2.08) (layer F.Fab) (width 0.1))
    (fp_line (start -1.06 -1) (end -0.2 -1) (layer F.SilkS) (width 0.12))
    (fp_line (start -1.06 -1) (end -1.06 -0.2) (layer F.SilkS) (width 0.12))
    (fp_circle (center 0 6.48) (end 1.8 6.48) (layer F.SilkS) (width 0.12))
    (fp_line (start -0.35 1.98) (end -4.5 1.98) (layer F.SilkS) (width 0.12))
    (fp_line (start 4.5 1.98) (end 0.35 1.98) (layer F.SilkS) (width 0.12))
    (fp_line (start -0.5 12.48) (end -4.5 12.48) (layer F.SilkS) (width 0.12))
    (fp_line (start 4.5 12.48) (end 0.5 12.48) (layer F.SilkS) (width 0.12))
    (fp_line (start -1.41 6.02) (end -0.46 5.07) (layer Dwgs.User) (width 0.12))
    (fp_line (start -1.42 6.875) (end 0.4 5.06) (layer Dwgs.User) (width 0.12))
    (fp_line (start -1.07 7.49) (end 1.01 5.41) (layer Dwgs.User) (width 0.12))
    (fp_line (start -0.58 7.83) (end 1.36 5.89) (layer Dwgs.User) (width 0.12))
    (fp_line (start 0.09 7.96) (end 1.48 6.57) (layer Dwgs.User) (width 0.12))
    (fp_circle (center 0 6.48) (end 1.5 6.48) (layer Dwgs.User) (width 0.12))
    (fp_line (start 4.5 1.98) (end 4.5 12.48) (layer F.SilkS) (width 0.12))
    (fp_line (start -4.5 1.98) (end -4.5 12.48) (layer F.SilkS) (width 0.12))
    (fp_line (start -4.5 12.48) (end -4.5 2.08) (layer F.Fab) (width 0.1))
    (fp_line (start -5 12.98) (end -5 -1.42) (layer F.CrtYd) (width 0.05))
    (fp_text user %R (at 0 8 180) (layer F.Fab)
      (effects (font (size 1 1) (thickness 0.15)))
    )
    (fp_text user KEEPOUT (at 0 6.48) (layer Cmts.User)
      (effects (font (size 0.4 0.4) (thickness 0.051)))
    )
    (pad T thru_hole circle (at 0 11.4 180) (size 2.13 2.13) (drill 1.43) (layers *.Cu *.Mask)
      (net 7 /FrontPanel/FP_FM_IN))
    (pad S thru_hole rect (at 0 0 180) (size 1.93 1.83) (drill 1.22) (layers *.Cu *.Mask)
      (net 1 GND1))
    (pad TN thru_hole circle (at 0 3.1 180) (size 2.13 2.13) (drill 1.42) (layers *.Cu *.Mask))
    (model ${KISYS3DMOD}/Connector_Audio.3dshapes/Jack_3.5mm_QingPu_WQP-PJ398SM_Vertical.wrl
      (at (xyz 0 0 0))
      (scale (xyz 1 1 1))
      (rotate (xyz 0 0 0))
    )
  )

  (module Connector_Audio:Jack_3.5mm_QingPu_WQP-PJ398SM_Vertical_CircularHoles locked (layer F.Cu) (tedit 5C2B6BB2) (tstamp 6184617E)
    (at 96 149.5)
    (descr "TRS 3.5mm, vertical, Thonkiconn, PCB mount, (http://www.qingpu-electronics.com/en/products/WQP-PJ398SM-362.html)")
    (tags "WQP-PJ398SM WQP-PJ301M-12 TRS 3.5mm mono vertical jack thonkiconn qingpu")
    (path /61B188F6/6206860F)
    (fp_text reference J5 (at -4.03 1.08 180) (layer F.SilkS)
      (effects (font (size 1 1) (thickness 0.15)))
    )
    (fp_text value PULSE_OUT (at 0 5 180) (layer F.Fab)
      (effects (font (size 1 1) (thickness 0.15)))
    )
    (fp_line (start -5 12.98) (end -5 -1.42) (layer F.CrtYd) (width 0.05))
    (fp_line (start -4.5 12.48) (end -4.5 2.08) (layer F.Fab) (width 0.1))
    (fp_line (start -4.5 1.98) (end -4.5 12.48) (layer F.SilkS) (width 0.12))
    (fp_line (start 4.5 1.98) (end 4.5 12.48) (layer F.SilkS) (width 0.12))
    (fp_circle (center 0 6.48) (end 1.5 6.48) (layer Dwgs.User) (width 0.12))
    (fp_line (start 0.09 7.96) (end 1.48 6.57) (layer Dwgs.User) (width 0.12))
    (fp_line (start -0.58 7.83) (end 1.36 5.89) (layer Dwgs.User) (width 0.12))
    (fp_line (start -1.07 7.49) (end 1.01 5.41) (layer Dwgs.User) (width 0.12))
    (fp_line (start -1.42 6.875) (end 0.4 5.06) (layer Dwgs.User) (width 0.12))
    (fp_line (start -1.41 6.02) (end -0.46 5.07) (layer Dwgs.User) (width 0.12))
    (fp_line (start 4.5 12.48) (end 0.5 12.48) (layer F.SilkS) (width 0.12))
    (fp_line (start -0.5 12.48) (end -4.5 12.48) (layer F.SilkS) (width 0.12))
    (fp_line (start 4.5 1.98) (end 0.35 1.98) (layer F.SilkS) (width 0.12))
    (fp_line (start -0.35 1.98) (end -4.5 1.98) (layer F.SilkS) (width 0.12))
    (fp_circle (center 0 6.48) (end 1.8 6.48) (layer F.SilkS) (width 0.12))
    (fp_line (start -1.06 -1) (end -1.06 -0.2) (layer F.SilkS) (width 0.12))
    (fp_line (start -1.06 -1) (end -0.2 -1) (layer F.SilkS) (width 0.12))
    (fp_line (start 4.5 12.48) (end 4.5 2.08) (layer F.Fab) (width 0.1))
    (fp_line (start 4.5 12.48) (end -4.5 12.48) (layer F.Fab) (width 0.1))
    (fp_line (start 5 12.98) (end 5 -1.42) (layer F.CrtYd) (width 0.05))
    (fp_line (start 5 12.98) (end -5 12.98) (layer F.CrtYd) (width 0.05))
    (fp_line (start 5 -1.42) (end -5 -1.42) (layer F.CrtYd) (width 0.05))
    (fp_line (start 4.5 2.03) (end -4.5 2.03) (layer F.Fab) (width 0.1))
    (fp_circle (center 0 6.48) (end 1.8 6.48) (layer F.Fab) (width 0.1))
    (fp_line (start 0 0) (end 0 2.03) (layer F.Fab) (width 0.1))
    (fp_text user KEEPOUT (at 0 6.48) (layer Cmts.User)
      (effects (font (size 0.4 0.4) (thickness 0.051)))
    )
    (fp_text user %R (at 0 8 180) (layer F.Fab)
      (effects (font (size 1 1) (thickness 0.15)))
    )
    (pad TN thru_hole circle (at 0 3.1 180) (size 2.13 2.13) (drill 1.42) (layers *.Cu *.Mask))
    (pad S thru_hole rect (at 0 0 180) (size 1.93 1.83) (drill 1.22) (layers *.Cu *.Mask)
      (net 1 GND1))
    (pad T thru_hole circle (at 0 11.4 180) (size 2.13 2.13) (drill 1.43) (layers *.Cu *.Mask)
      (net 14 /FrontPanel/FP_PULSE_OUT))
    (model ${KISYS3DMOD}/Connector_Audio.3dshapes/Jack_3.5mm_QingPu_WQP-PJ398SM_Vertical.wrl
      (at (xyz 0 0 0))
      (scale (xyz 1 1 1))
      (rotate (xyz 0 0 0))
    )
  )

  (module Connector_Audio:Jack_3.5mm_QingPu_WQP-PJ398SM_Vertical_CircularHoles locked (layer F.Cu) (tedit 5C2B6BB2) (tstamp 6184611B)
    (at 85 149.4)
    (descr "TRS 3.5mm, vertical, Thonkiconn, PCB mount, (http://www.qingpu-electronics.com/en/products/WQP-PJ398SM-362.html)")
    (tags "WQP-PJ398SM WQP-PJ301M-12 TRS 3.5mm mono vertical jack thonkiconn qingpu")
    (path /61B188F6/6209C31C)
    (fp_text reference J6 (at -4.03 1.08 180) (layer F.SilkS)
      (effects (font (size 1 1) (thickness 0.15)))
    )
    (fp_text value SAW_OUT (at 0 5 180) (layer F.Fab)
      (effects (font (size 1 1) (thickness 0.15)))
    )
    (fp_line (start 0 0) (end 0 2.03) (layer F.Fab) (width 0.1))
    (fp_circle (center 0 6.48) (end 1.8 6.48) (layer F.Fab) (width 0.1))
    (fp_line (start 4.5 2.03) (end -4.5 2.03) (layer F.Fab) (width 0.1))
    (fp_line (start 5 -1.42) (end -5 -1.42) (layer F.CrtYd) (width 0.05))
    (fp_line (start 5 12.98) (end -5 12.98) (layer F.CrtYd) (width 0.05))
    (fp_line (start 5 12.98) (end 5 -1.42) (layer F.CrtYd) (width 0.05))
    (fp_line (start 4.5 12.48) (end -4.5 12.48) (layer F.Fab) (width 0.1))
    (fp_line (start 4.5 12.48) (end 4.5 2.08) (layer F.Fab) (width 0.1))
    (fp_line (start -1.06 -1) (end -0.2 -1) (layer F.SilkS) (width 0.12))
    (fp_line (start -1.06 -1) (end -1.06 -0.2) (layer F.SilkS) (width 0.12))
    (fp_circle (center 0 6.48) (end 1.8 6.48) (layer F.SilkS) (width 0.12))
    (fp_line (start -0.35 1.98) (end -4.5 1.98) (layer F.SilkS) (width 0.12))
    (fp_line (start 4.5 1.98) (end 0.35 1.98) (layer F.SilkS) (width 0.12))
    (fp_line (start -0.5 12.48) (end -4.5 12.48) (layer F.SilkS) (width 0.12))
    (fp_line (start 4.5 12.48) (end 0.5 12.48) (layer F.SilkS) (width 0.12))
    (fp_line (start -1.41 6.02) (end -0.46 5.07) (layer Dwgs.User) (width 0.12))
    (fp_line (start -1.42 6.875) (end 0.4 5.06) (layer Dwgs.User) (width 0.12))
    (fp_line (start -1.07 7.49) (end 1.01 5.41) (layer Dwgs.User) (width 0.12))
    (fp_line (start -0.58 7.83) (end 1.36 5.89) (layer Dwgs.User) (width 0.12))
    (fp_line (start 0.09 7.96) (end 1.48 6.57) (layer Dwgs.User) (width 0.12))
    (fp_circle (center 0 6.48) (end 1.5 6.48) (layer Dwgs.User) (width 0.12))
    (fp_line (start 4.5 1.98) (end 4.5 12.48) (layer F.SilkS) (width 0.12))
    (fp_line (start -4.5 1.98) (end -4.5 12.48) (layer F.SilkS) (width 0.12))
    (fp_line (start -4.5 12.48) (end -4.5 2.08) (layer F.Fab) (width 0.1))
    (fp_line (start -5 12.98) (end -5 -1.42) (layer F.CrtYd) (width 0.05))
    (fp_text user %R (at 0 8 180) (layer F.Fab)
      (effects (font (size 1 1) (thickness 0.15)))
    )
    (fp_text user KEEPOUT (at 0 6.48) (layer Cmts.User)
      (effects (font (size 0.4 0.4) (thickness 0.051)))
    )
    (pad T thru_hole circle (at 0 11.4 180) (size 2.13 2.13) (drill 1.43) (layers *.Cu *.Mask)
      (net 13 /FrontPanel/FP_SAW_OUT))
    (pad S thru_hole rect (at 0 0 180) (size 1.93 1.83) (drill 1.22) (layers *.Cu *.Mask)
      (net 1 GND1))
    (pad TN thru_hole circle (at 0 3.1 180) (size 2.13 2.13) (drill 1.42) (layers *.Cu *.Mask))
    (model ${KISYS3DMOD}/Connector_Audio.3dshapes/Jack_3.5mm_QingPu_WQP-PJ398SM_Vertical.wrl
      (at (xyz 0 0 0))
      (scale (xyz 1 1 1))
      (rotate (xyz 0 0 0))
    )
  )

  (module Resistor_THT:R_Axial_DIN0207_L6.3mm_D2.5mm_P7.62mm_Horizontal (layer F.Cu) (tedit 5AE5139B) (tstamp 6184A305)
    (at 99 78.5 180)
    (descr "Resistor, Axial_DIN0207 series, Axial, Horizontal, pin pitch=7.62mm, 0.25W = 1/4W, length*diameter=6.3*2.5mm^2, http://cdn-reichelt.de/documents/datenblatt/B400/1_4W%23YAG.pdf")
    (tags "Resistor Axial_DIN0207 series Axial Horizontal pin pitch 7.62mm 0.25W = 1/4W length 6.3mm diameter 2.5mm")
    (path /61B188F6/62228341)
    (fp_text reference R18 (at 3.81 -2.37) (layer F.SilkS)
      (effects (font (size 1 1) (thickness 0.15)))
    )
    (fp_text value 10K (at 3.81 0) (layer F.SilkS)
      (effects (font (size 1 1) (thickness 0.15)))
    )
    (fp_line (start 8.67 -1.5) (end -1.05 -1.5) (layer F.CrtYd) (width 0.05))
    (fp_line (start 8.67 1.5) (end 8.67 -1.5) (layer F.CrtYd) (width 0.05))
    (fp_line (start -1.05 1.5) (end 8.67 1.5) (layer F.CrtYd) (width 0.05))
    (fp_line (start -1.05 -1.5) (end -1.05 1.5) (layer F.CrtYd) (width 0.05))
    (fp_line (start 7.08 1.37) (end 7.08 1.04) (layer F.SilkS) (width 0.12))
    (fp_line (start 0.54 1.37) (end 7.08 1.37) (layer F.SilkS) (width 0.12))
    (fp_line (start 0.54 1.04) (end 0.54 1.37) (layer F.SilkS) (width 0.12))
    (fp_line (start 7.08 -1.37) (end 7.08 -1.04) (layer F.SilkS) (width 0.12))
    (fp_line (start 0.54 -1.37) (end 7.08 -1.37) (layer F.SilkS) (width 0.12))
    (fp_line (start 0.54 -1.04) (end 0.54 -1.37) (layer F.SilkS) (width 0.12))
    (fp_line (start 7.62 0) (end 6.96 0) (layer F.Fab) (width 0.1))
    (fp_line (start 0 0) (end 0.66 0) (layer F.Fab) (width 0.1))
    (fp_line (start 6.96 -1.25) (end 0.66 -1.25) (layer F.Fab) (width 0.1))
    (fp_line (start 6.96 1.25) (end 6.96 -1.25) (layer F.Fab) (width 0.1))
    (fp_line (start 0.66 1.25) (end 6.96 1.25) (layer F.Fab) (width 0.1))
    (fp_line (start 0.66 -1.25) (end 0.66 1.25) (layer F.Fab) (width 0.1))
    (fp_text user %R (at 3.81 0) (layer F.Fab)
      (effects (font (size 1 1) (thickness 0.15)))
    )
    (pad 2 thru_hole oval (at 7.62 0 180) (size 1.6 1.6) (drill 0.8) (layers *.Cu *.Mask)
      (net 6 /FrontPanel/FP_12V_POS))
    (pad 1 thru_hole circle (at 0 0 180) (size 1.6 1.6) (drill 0.8) (layers *.Cu *.Mask)
      (net 2 "Net-(D3-Pad2)"))
    (model ${KISYS3DMOD}/Resistor_THT.3dshapes/R_Axial_DIN0207_L6.3mm_D2.5mm_P7.62mm_Horizontal.wrl
      (at (xyz 0 0 0))
      (scale (xyz 1 1 1))
      (rotate (xyz 0 0 0))
    )
  )

  (gr_line (start 72 66) (end 72 55) (layer Edge.Cuts) (width 0.1) (tstamp 6184D09D))
  (gr_line (start 102 55) (end 102 66) (layer Edge.Cuts) (width 0.1))
  (dimension 11 (width 0.15) (layer Dwgs.User)
    (gr_text "11.000 mm" (at 96.5 136.8) (layer Dwgs.User)
      (effects (font (size 1 1) (thickness 0.15)))
    )
    (feature1 (pts (xy 102 132) (xy 102 136.086421)))
    (feature2 (pts (xy 91 132) (xy 91 136.086421)))
    (crossbar (pts (xy 91 135.5) (xy 102 135.5)))
    (arrow1a (pts (xy 102 135.5) (xy 100.873496 136.086421)))
    (arrow1b (pts (xy 102 135.5) (xy 100.873496 134.913579)))
    (arrow2a (pts (xy 91 135.5) (xy 92.126504 136.086421)))
    (arrow2b (pts (xy 91 135.5) (xy 92.126504 134.913579)))
  )
  (dimension 6 (width 0.15) (layer Dwgs.User)
    (gr_text "6.000 mm" (at 99 159.8) (layer Dwgs.User)
      (effects (font (size 1 1) (thickness 0.15)))
    )
    (feature1 (pts (xy 96 156) (xy 96 159.086421)))
    (feature2 (pts (xy 102 156) (xy 102 159.086421)))
    (crossbar (pts (xy 102 158.5) (xy 96 158.5)))
    (arrow1a (pts (xy 96 158.5) (xy 97.126504 157.913579)))
    (arrow1b (pts (xy 96 158.5) (xy 97.126504 159.086421)))
    (arrow2a (pts (xy 102 158.5) (xy 100.873496 157.913579)))
    (arrow2b (pts (xy 102 158.5) (xy 100.873496 159.086421)))
  )
  (dimension 4 (width 0.15) (layer Dwgs.User)
    (gr_text "4.000 mm" (at 74 161.3) (layer Dwgs.User)
      (effects (font (size 1 1) (thickness 0.15)))
    )
    (feature1 (pts (xy 76 158) (xy 76 160.586421)))
    (feature2 (pts (xy 72 158) (xy 72 160.586421)))
    (crossbar (pts (xy 72 160) (xy 76 160)))
    (arrow1a (pts (xy 76 160) (xy 74.873496 160.586421)))
    (arrow1b (pts (xy 76 160) (xy 74.873496 159.413579)))
    (arrow2a (pts (xy 72 160) (xy 73.126504 160.586421)))
    (arrow2b (pts (xy 72 160) (xy 73.126504 159.413579)))
